cam_model: Pinhole
cam_width: 2448
cam_height: 2048
scale: 1
cam_fx: 1314.59
cam_fy: 1361.86
cam_cx: 1145.91
cam_cy: 1064.23
cam_d0: -0.319862
cam_d1: 0.06706
cam_d2: -0.001486
cam_d3: 0.007905
